4295081673
4295017683
4295018637
4295018367
4295308617
4295360817
4295368017
4295386017
4295386107
4295381607
4295318607
4295318067
4295310687
4295638107
4295631807
4295603187
4295601873
4295601837
4295601387
4295670183
4295671803
4295680713
4295680317
4295680137
4295687013
4295683107
4295617083
4295760813
4295761083
4295701863
4295786013
4295781063
4295718603
4295831067
4295863017
4295867103
4295860137
4295860173
4295861703
4295861073
4295861307
4295876103
4295801637
4295817063
4295810673
4295813067
4295163087
4295168307
4295160873
4295160837
4295176083
4295170683
4295186703
4295187603
4295187063
4295183067
4295180763
4295106783
4295106387
4296053187
4296058317
4296058137
4296058173
4296038715
4296078135
4296071853
4296083715
4296083175
4296087315
4296087153
4296085317
4296085173
4296081537
4296013875
4296018375
4296018573
4296507183
4296508137
4296531087
4296570813
4296581037
4296517083
4296518037
4296518073
4296350817
4296350187
4296305817
4296305187
4296308157
4296308175
4296301857
4296378105
4296371085
4296380517
4296380157
4296387105
4296381705
4296381507
4296310875
4296317805
4296318075
4296318057
4296315807
4296315087
4296750813
4296750183
4296738015
4296703815
4296703185
4296705183
4296708153
4296783105
4296781035
4296713085
4296710853
4296718503
4296853107
4296857013
4296850173
4296851307
4296837015
4296831075
4296870135
4296871053
4296803157
4296803175
4296807315
4296807153
4296801735
4296810537
4296810573
4296815073
4296153087
4296157803
4296158307
4296150837
4296135087
4296137085
4296138075
4296175803
4296178503
4296170583
4296170853
4296183075
4296187035
4296180735
4296180537
4296103875
4296107835
4296108357
4296108537
4296108573
4296105387
4297056813
4297058613
4297051863
4297068315
4297036815
4297038615
4297031685
4297016583
4297013685
4297018563
4297560813
4297586013
4297586103
4297580163
4297581603
4297518063
4297650813
4297650183
4297658013
4297651083
4297608513
4297608153
4297601835
4297601853
4297638015
4297638105
4297680315
4297683105
4297681305
4297618053
4297615803
4297360815
4297368015
4297308165
4297310685
4297856103
4297850613
4297851063
4297865013
4297860315
4297836105
4297806315
4297806513
4297803165
4297805163
4297801635
